id_article;dim_0;dim_1;dim_2;dim_3;dim_4;dim_5;dim_6;dim_7;dim_8;dim_9
1964819946;0.03333547131956115;0.03333342994552575;0.03333841546300418;0.6999841943508375;0.03333488648857836;0.03333358131263075;0.03333333334012515;0.033333335245675215;0.033333347417258845;0.033340005116803115
1564531496;0.011111178703996492;0.011112153148176044;0.01111260971568683;0.011111125227985807;0.011116074619650551;0.6691801448759044;0.011117874253600259;0.01111152931442229;0.011111305401236182;0.24191600473934102
2988211052;0.014285714289141481;0.8714271433947429;0.014285714287853097;0.014285714287878297;0.014287074064070872;0.01428571428775466;0.014285714289945057;0.014285714288547328;0.014285782522459649;0.014285714287606674
2889992310;0.014285714289141481;0.8714271433947429;0.014285714287853097;0.014285714287878297;0.014287074064070872;0.01428571428775466;0.014285714289945057;0.014285714288547328;0.014285782522459649;0.014285714287606674
2894404632;0.03333333333843988;0.0333354336553955;0.6999978195051955;0.03333333333601375;0.03333333333639761;0.03333341347536946;0.03333333334521474;0.03333333333684514;0.033333333335449265;0.03333333333567921
2172477924;0.03333679558931621;0.03333990793204983;0.03333333333948279;0.03333333333954778;0.03333442207428535;0.6999888548609732;0.033333333345499365;0.033333333341477624;0.03333335283858773;0.03333333333878021
1913441414;0.02000351398038683;0.020000127464421456;0.02000000000370088;0.02000000000381348;0.3724563111704607;0.020000091186075517;0.020000000007324707;0.4675380226274301;0.020001412124147997;0.0200005214322381
1980518069;0.033333333340185865;0.033333333337726444;0.0333333333376095;0.03333333333765677;0.033333333338268635;0.0333333333374107;0.0333333333417961;0.6999972342525486;0.0333360689815704;0.03333336339522683
2158159346;0.033333333361945126;0.03333454577132315;0.03333393408034256;0.03333642623144853;0.699994340566883;0.03333341228197788;0.03333333333756462;0.03333333333615321;0.033333411660533774;0.03333392937182814
177559502;0.03333408556710084;0.03333373003544737;0.03333372029558937;0.033333841455837544;0.03333348274303338;0.6999916867035615;0.03333584927060147;0.033333338590781275;0.03333605384185523;0.03333421149619198
2797641221;0.033333333340921145;0.033333333338198164;0.03333617897086241;0.033333333338119484;0.03333340917342345;0.03333333333784906;0.03333333334270574;0.03333333333960508;0.6999943454357389;0.0333360663825764
3006661050;0.020000947226199276;0.020000525643108228;0.020001661794680912;0.020000000008311043;0.020000055422745293;0.41125754187866387;0.020001415094003237;0.02000143972350028;0.4287347202888133;0.02000169291997448
3002620195;0.03333679558931621;0.03333990793204983;0.03333333333948279;0.03333333333954778;0.03333442207428535;0.6999888548609732;0.033333333345499365;0.033333333341477624;0.03333335283858773;0.03333333333878021
2165253821;0.004001357411783456;0.004001474555193715;0.004000173402005215;0.004001136792751802;0.7192375527991103;0.004000721942524689;0.16772421345694555;0.08503263810771047;0.004000303363280674;0.004000428168694177
3000106784;0.007693790754424785;0.19881178602561367;0.0076933101217481915;0.007692511318174663;0.22845368933516788;0.00769343948986179;0.00769243616020692;0.0076946597277029564;0.5188810800630644;0.007693297004034825
2899042072;0.03333333333553344;0.033333354481487575;0.03333333342563758;0.03333333630227938;0.6999993507277386;0.03333357859076158;0.03333333333604998;0.03333333333822167;0.03333342980360225;0.03333361665868773
2783786616;0.699993878328333;0.03333348291293187;0.0333334019683105;0.033333333345594254;0.03333347304705914;0.03333357184253513;0.0333342942020215;0.033333715922469496;0.033335616950141825;0.03333523148060318
2157028916;0.03333333333739753;0.03333341069676405;0.033333333497659025;0.033333409771592;0.6999998460138354;0.03333333333634433;0.033333333338352256;0.03333333333669309;0.03333333333578413;0.03333333333557821
2131746547;0.020000000006979952;0.020000046049484098;0.020001710148708968;0.020000045498843794;0.42251090411111325;0.020000000004506586;0.020000000008620858;0.020000000005769628;0.4174856517202462;0.020001642445726595
1970213811;0.03333333333741172;0.03333333333594682;0.03333337719272118;0.0333333333359062;0.6999999561125676;0.033333333338686495;0.03333333333836936;0.033333333336704005;0.03333333333610142;0.033333333335585295
2895217657;0.03333337467915492;0.0333333333417766;0.033333333336066674;0.0333333667533871;0.6999999252067431;0.03333333333593516;0.03333333333872963;0.033333333336946276;0.033333333335511244;0.033333333335749185
2064597833;0.0333333333370348;0.03333341634946954;0.03333349556031523;0.03333441747832031;0.03333333333599578;0.6999986705919765;0.033333333337899874;0.033333333336388986;0.033333333336390276;0.033333333336208734
1551057250;0.020003984183851974;0.020000000004364506;0.020000172836628926;0.4195739312312767;0.02000000000490946;0.42041739348751317;0.020004238388892415;0.020000274196481954;0.02000000376707972;0.020000001899001137
2795465294;0.011111111115057824;0.011111825254421344;0.011112212435160118;0.011113312249481026;0.45553736396206845;0.01111185768092971;0.23067654831255674;0.23600219190759736;0.011111111118818712;0.011112465963908618
2031569365;0.020001072246149783;0.020009435491575796;0.020004163086486084;0.020010869823315448;0.02000006354679212;0.02000073087389717;0.020000000013044555;0.020000000031875922;0.02000000000525942;0.8199736648816037
1609216780;0.033333333342921975;0.03334046513194483;0.033334267328323335;0.033334318525761956;0.03333518997977418;0.033333412415346694;0.03333602584893344;0.03333333335990233;0.6999863204810534;0.03333333358603782
1984441340;0.03333396457373794;0.6999967413475053;0.03333333333575167;0.03333333333578213;0.03333596061777569;0.03333333344400077;0.033333333338120934;0.03333333333653803;0.03333333333526241;0.033333333335524865
1514623391;0.033333944288659344;0.699998653505676;0.03333333334200702;0.033333333335989736;0.033334068845398364;0.03333333333583815;0.03333333333852969;0.0333333333368118;0.033333333335432265;0.033333333335657654
2184819472;0.4407627970137674;0.3992362168832125;0.020000038982610355;0.020000000002648066;0.02000092226045226;0.020000000002497374;0.020000000005180776;0.02000000000346798;0.020000024843845905;0.020000000002317227
2885036918;0.033333333339881206;0.033333384882313785;0.033333333337417746;0.6999902854695808;0.03334291338913405;0.03333341621725386;0.03333333334142185;0.03333333334941287;0.0333333333366336;0.03333333333695011
2121855834;0.004348342252945234;0.004349839099016643;0.004348505301110536;0.004350065426295514;0.6067817889431025;0.0043489229368028825;0.12895156320937518;0.23382240064651102;0.004349061179757367;0.004349511005082985
1991653832;0.03333350119904886;0.03333442189162705;0.03333548740528692;0.03333391889262926;0.03333333334193012;0.03333379365683156;0.03333333333906377;0.6999950522635138;0.033333803085496334;0.03333335492457229
2159274859;0.03333333333562681;0.03333333343519422;0.03333335607612263;0.0333333333349783;0.699999318864866;0.03333347695510913;0.03333333333616441;0.03333333334073481;0.033333333334474746;0.0333338479867291
2921394285;0.03333333333845423;0.0333333360842011;0.03333333333652838;0.03333367500046289;0.03333356909691363;0.03333430560111569;0.033333333339655685;0.03333333342333492;0.03333333333588118;0.6999984474434524
2520332768;0.0333333333898681;0.033333333338001016;0.6999941330088237;0.03333333333793026;0.033335412825475495;0.03333333333766888;0.03333333334232603;0.03333343847311723;0.03333701553549575;0.03333333341129351
2463945949;0.004761927017097347;0.6573042709490465;0.004762334871821799;0.0047639216257222795;0.004762230128534026;0.30459198084326006;0.004763509042721887;0.004762417306344932;0.004763462769405978;0.004763945446045132
2160944323;0.03333356914194418;0.6999997641592034;0.03333333333623699;0.03333333333626983;0.03333333333669088;0.03333333334173231;0.03333333333908276;0.03333333333718092;0.03333333333567768;0.033333333335981055
2167149450;0.01428571432056472;0.5855458585351243;0.014285846011282136;0.014286587310910846;0.01428647401798459;0.014285821377941037;0.3001654908964273;0.01428587750160832;0.014286094583205688;0.014286235444951
2532554386;0.03333525218206165;0.03333730356856917;0.03333424762465398;0.699983753912096;0.03333461954936753;0.03333601052100914;0.033337933879652594;0.03333399795563414;0.03333354695740857;0.03333333384954711
1462481249;0.020000000004786453;0.020000004502129982;0.5382589929654884;0.020000000252976224;0.020000000004540833;0.020001233479402303;0.020000000005915827;0.30173884655227423;0.020000000002449635;0.020000922230036113
1989284546;0.033333333342921975;0.03334046513194483;0.033334267328323335;0.033334318525761956;0.03333518997977418;0.033333412415346694;0.03333602584893344;0.03333333335990233;0.6999863204810534;0.03333333358603782
2024727233;0.03333333333845423;0.0333333360842011;0.03333333333652838;0.03333367500046289;0.03333356909691363;0.03333430560111569;0.033333333339655685;0.03333333342333492;0.03333333333588118;0.6999984474434524
2793525442;0.014285714288230491;0.014285714294999911;0.014285714287283304;0.014285716340667165;0.014287057180873959;0.014285715115439739;0.014285714288821453;0.014285714287792961;0.8714272256287877;0.014285714287103244
2131396621;0.03333545908845169;0.03333333333774848;0.033333333337545665;0.033337851154100276;0.033333333338195145;0.03333761330697567;0.03333428104155173;0.6999881287216755;0.033333333336694214;0.03333333333706152
1876321532;0.007692307814160046;0.0076925145109079844;0.007692316875025268;0.007692401282908615;0.007695465802056124;0.9307648275551508;0.007692334432089425;0.007692783824377507;0.007692650824113785;0.007692397079210534
2092717943;0.03333333333845423;0.0333333360842011;0.03333333333652838;0.03333367500046289;0.03333356909691363;0.03333430560111569;0.033333333339655685;0.03333333342333492;0.03333333333588118;0.6999984474434524
2896166866;0.03333333333642907;0.033334649839344144;0.6999982804500018;0.033333333335287006;0.03333339485786727;0.03333333333521706;0.03333333333742131;0.03333347367345473;0.03333350759133002;0.033333360243647664
2889310216;0.02000000000214898;0.020000000001377947;0.020000000001340928;0.020000000357948102;0.020000000001551894;0.819999998083727;0.02000000000265599;0.020000000001777225;0.020000000001069697;0.02000000154640228
2626927313;0.006671726562390884;0.006666805331562641;0.00666667164355403;0.006667587920764203;0.14346140198927781;0.006667815890530075;0.006666666679185656;0.1419813161763894;0.006666835315161047;0.6678831724911842
2133333723;0.6999942074452652;0.03333333333622576;0.03333333333624416;0.033333333401152666;0.033333333336581845;0.033336998443881424;0.033333333368897135;0.03333346360955839;0.03333382881980925;0.03333483490238408
2073146444;0.033333333335688685;0.033333333334843236;0.6999992709797361;0.03333333333481988;0.0333333333350305;0.03333336182275292;0.03333333333624264;0.033333333335280824;0.033334032388573534;0.033333334797031614
2035683296;0.03333333385085407;0.0333333647644427;0.03333333333495926;0.03333347294580345;0.6999977275127309;0.033335025219311386;0.033333333336552785;0.033333738711804096;0.033333333453839174;0.03333333686970225
1575906049;0.03333333333739753;0.03333341069676405;0.033333333497659025;0.033333409771592;0.6999998460138354;0.03333333333634433;0.033333333338352256;0.03333333333669309;0.03333333333578413;0.03333333333557821
2963031109;0.00476209680139725;0.23709783222062406;0.004762187558119349;0.004761961953468694;0.27910039654379415;0.14834493051345324;0.2376469234926425;0.004762644789116614;0.07399822208796474;0.00476280403941932
2096999549;0.6999942074452652;0.03333333333622576;0.03333333333624416;0.033333333401152666;0.033333333336581845;0.033336998443881424;0.033333333368897135;0.03333346360955839;0.03333382881980925;0.03333483490238408
2142779508;0.033333333339881206;0.033333384882313785;0.033333333337417746;0.6999902854695808;0.03334291338913405;0.03333341621725386;0.03333333334142185;0.03333333334941287;0.0333333333366336;0.03333333333695011
1972930156;0.0333333333401257;0.6999962743147914;0.0333333333375768;0.03333333333762182;0.03333705897802532;0.033333333337377556;0.03333333334173049;0.033333333338949105;0.0333333333367162;0.033333333337085685
2074132745;0.0333333333401257;0.6999962743147914;0.0333333333375768;0.03333333333762182;0.03333705897802532;0.033333333337377556;0.03333333334173049;0.033333333338949105;0.0333333333367162;0.033333333337085685
2768688074;0.006666951821776802;0.006668398055405031;0.15414003198677048;0.0066686593265776785;0.006667474078004946;0.006667291689793323;0.4275230109349706;0.006666820494118965;0.37166412375739316;0.006667237855189075
1578593840;0.033333333340966324;0.033333844034225124;0.03333333333809465;0.033343056766448255;0.033333333338832;0.6999897658243492;0.033333333342760535;0.03333333333964012;0.03333333333713201;0.03333333333755185
2492698696;0.03333337467915492;0.0333333333417766;0.033333333336066674;0.0333333667533871;0.6999999252067431;0.03333333333593516;0.03333333333872963;0.033333333336946276;0.033333333335511244;0.033333333335749185
2158116823;0.033333333505825985;0.6999939287587782;0.033333977240305;0.03333467408022467;0.03333336268646491;0.03333333333696007;0.03333333333741543;0.033334040667387245;0.03333477397652334;0.033335242410114936
2010117363;0.033333333338460634;0.03333334121795938;0.03333333333653267;0.03333333333656902;0.03333333333702855;0.03333333333638611;0.6999999920874379;0.03333333333757485;0.0333333333358855;0.033333333336165366
1566879384;0.020000000001844386;0.8199979875659907;0.020000021146321253;0.020000000001168753;0.020001627783880007;0.02000000429191846;0.02000000853463513;0.020000075099152175;0.020000158602973016;0.020000116972116216
3000234933;0.03333337467915492;0.0333333333417766;0.033333333336066674;0.0333333667533871;0.6999999252067431;0.03333333333593516;0.03333333333872963;0.033333333336946276;0.033333333335511244;0.033333333335749185
2151373060;0.033333333337655306;0.03333345700796561;0.03333346982978333;0.0333333333360604;0.6999997354207006;0.033333334800240866;0.03333333333867;0.03333333333690626;0.03333333625629587;0.03333333333572183
1506901398;0.3625811883607056;0.36349328753471155;0.007693395013462256;0.22007419343641582;0.007693094409352425;0.007694058051180971;0.007692379091718598;0.007692758721175741;0.007692595674327033;0.0076930497069500935
2890866322;0.03334771663179937;0.03333333333988495;0.03333333333936759;0.03334112530903254;0.0333333354754005;0.03333614695265156;0.033333333345344066;0.699975008929698;0.03333333333814624;0.0333333333386751
1530255921;0.03333333334637968;0.03333941375152548;0.03333361793815386;0.03333333337739135;0.03333458667661578;0.6999759049566692;0.03333333334943736;0.03333333334411085;0.03334706296625768;0.033336080293458754
1578366632;0.03333333333642907;0.033334649839344144;0.6999982804500018;0.033333333335287006;0.03333339485786727;0.03333333333521706;0.03333333333742131;0.03333347367345473;0.03333350759133002;0.033333360243647664
1965544737;0.03333333333553344;0.033333354481487575;0.03333333342563758;0.03333333630227938;0.6999993507277386;0.03333357859076158;0.03333333333604998;0.03333333333822167;0.03333342980360225;0.03333361665868773
2119297515;0.03333333333744686;0.03333879991861461;0.03333348164908177;0.03333468391845465;0.033334447000681756;0.03333347558693364;0.03333333333841708;0.03333333333673566;0.0333343233424824;0.6999907885711516
2744065930;0.0034484395619409146;0.6575799727622473;0.0034482946443553106;0.11191469355686517;0.12934763050275025;0.003449605675573081;0.0034485118585759235;0.08046490725119275;0.0034491854466635265;0.003448758739835679
2967569942;0.03333351437257679;0.6999979483336181;0.03333333333810896;0.03333333333816961;0.03333520385628027;0.033333333337889064;0.03333333334279211;0.03333333333965859;0.033333333403346745;0.03333333333755983
1530854586;0.03333333333741172;0.03333333333594682;0.03333337719272118;0.0333333333359062;0.6999999561125676;0.033333333338686495;0.03333333333836936;0.033333333336704005;0.03333333333610142;0.033333333335585295
1975156482;0.03333333333674849;0.6999966574164601;0.03333337249011532;0.033333333335497414;0.03333596365425691;0.03333334128069975;0.033333349136962634;0.03333347239532322;0.033333627021491036;0.033333549932445035
1532553277;0.033333333338460634;0.03333334121795938;0.03333333333653267;0.03333333333656902;0.03333333333702855;0.03333333333638611;0.6999999920874379;0.03333333333757485;0.0333333333358855;0.033333333336165366
2187490070;0.03333333333741172;0.03333333333594682;0.03333337719272118;0.0333333333359062;0.6999999561125676;0.033333333338686495;0.03333333333836936;0.033333333336704005;0.03333333333610142;0.033333333335585295
2922197327;0.03333333333741172;0.03333333333594682;0.03333337719272118;0.0333333333359062;0.6999999561125676;0.033333333338686495;0.03333333333836936;0.033333333336704005;0.03333333333610142;0.033333333335585295
2155386750;0.020000367943379817;0.81999915181393;0.02000000000468543;0.020000000001435;0.02000048022814111;0.020000000001353116;0.02000000000280704;0.02000000000187906;0.02000000000113386;0.020000000001255614
2112607455;0.033333333342491465;0.6999959669235568;0.03333381256714203;0.03333385719706392;0.033336363267578294;0.03333333333878363;0.03333333334484376;0.03333333334090713;0.033333333337902976;0.033333333339730056
2124576009;0.033333333339881206;0.033333384882313785;0.033333333337417746;0.6999902854695808;0.03334291338913405;0.03333341621725386;0.03333333334142185;0.03333333334941287;0.0333333333366336;0.03333333333695011
2579496315;0.2849838392700713;0.17804125943653237;0.0066681175672824045;0.2698173605076472;0.006667505349621365;0.006668531055686034;0.006666666671878464;0.0952875112755957;0.006666791048301262;0.1385324178173839
2889273139;0.03333342532630126;0.033333632063035176;0.033333379137825025;0.03333453228979502;0.033333616465711466;0.03333346416378988;0.699997642498898;0.033333474426252827;0.03333341534048184;0.033333418287909714
2067522823;0.02000111680109421;0.020000284871047058;0.8199935844512014;0.020002605238414028;0.02000001056351802;0.020001942526161873;0.020000000008154085;0.020000042343243065;0.020000388001063518;0.020000025196102805
2886333696;0.02000045189308005;0.020000747951309548;0.4199979986747953;0.02000031605559715;0.020000023479726545;0.020000237883778648;0.4200000765534211;0.0200000914853829;0.020000000001852043;0.020000056021056804
2952063939;0.033334086484937124;0.033334579915309075;0.6999967920611706;0.03333386009070395;0.03333337246414548;0.03333372980452439;0.03333333333745154;0.03333348580659082;0.033333333334994435;0.03333342670017262
2166280743;0.020000436156438397;0.020000637861463295;0.40642589033853277;0.020000314100015668;0.02000002364236765;0.43357239504385575;0.02000015436454278;0.0200000920889915;0.02000000000259163;0.02000005640120058
1534162055;0.033334086484937124;0.033334579915309075;0.6999967920611706;0.03333386009070395;0.03333337246414548;0.03333372980452439;0.03333333333745154;0.03333348580659082;0.033333333334994435;0.03333342670017262
42605899;0.033334086484937124;0.033334579915309075;0.6999967920611706;0.03333386009070395;0.03333337246414548;0.03333372980452439;0.03333333333745154;0.03333348580659082;0.033333333334994435;0.03333342670017262
2883954084;0.020000389234231326;0.02000056935969185;0.8199983948271711;0.02000028030128948;0.020000021095731218;0.020000212670689615;0.020000000002220245;0.020000082176923662;0.02000000000089558;0.0200000503311561
2094055068;0.42303900925009325;0.020000227843202812;0.02000009758767446;0.020000646134114553;0.020002478278887546;0.0200000785058352;0.41695661310249005;0.020000084661551443;0.020000049214895038;0.020000715421255554
66031454;0.033333557119294456;0.0333340981262179;0.03333333970704986;0.03333340320085088;0.03333333333576938;0.033333410680381585;0.6999971563543727;0.03333376963461352;0.033333971569465395;0.03333396027198423
205259217;0.020000000983340798;0.020000031828144325;0.02000001265107791;0.020000116949464082;0.020000002119840505;0.4209993567366857;0.020000000003376667;0.41900040532482075;0.02000001578271231;0.02000005762053721
1526907196;0.033333334967185574;0.033333386343145116;0.0333333544021375;0.033333527474589376;0.033333336861242395;0.0333333636874995;0.033333333334058524;0.6999995766234859;0.03333335961873954;0.0333334266879166
330336264;0.699995028962952;0.03333341556768379;0.033333451149573444;0.033333387974047286;0.03333693298967845;0.033333333336521345;0.03333333333992106;0.03333333333850864;0.03333333333598713;0.03333445000512673
1515794267;0.033333557119294456;0.0333340981262179;0.03333333970704986;0.03333340320085088;0.03333333333576938;0.033333410680381585;0.6999971563543727;0.03333376963461352;0.033333971569465395;0.03333396027198423
2958650459;0.020000007582713357;0.020000000002811942;0.02000001496929431;0.020001371245648488;0.020000000003159817;0.8199972206842772;0.020000000005423842;0.020001213352646964;0.020000000002182494;0.020000172151841505
2787625204;0.020000000976628067;0.02000010769608339;0.02000001257730794;0.020001208445281766;0.02000008958823699;0.4191413695895425;0.02000016799216811;0.4208569692660543;0.020000015700665737;0.020000058168031243
2526470017;0.014285714293054712;0.01428596927012043;0.01428749406809982;0.8714077073552914;0.014289170768310197;0.014290529632390908;0.014289739542752075;0.014285714291801973;0.014289109368851322;0.014288851409327097
2042070573;0.014287215338984407;0.014285790958754492;0.014287016135380375;0.014286291119374026;0.014285888793554592;0.20564441473575365;0.29996178433550147;0.39438651236447064;0.014286334473783338;0.014288751744442961
2011070728;0.011111111617965647;0.011111127508186467;0.011111123868064284;0.011111367024666268;0.01111111221067371;0.6654573858865069;0.01111119268597877;0.24565305482765265;0.011111119242160268;0.01111140512814507
2038493341;0.014285714287602745;0.01428571428692394;0.014285722676306314;0.014285967241613805;0.01428571429687728;0.8714275273969542;0.014285817037756922;0.014286037729881207;0.014285714286653529;0.014286070759430067
2080067549;0.011111125999968765;0.011111156519611242;0.011111116969153043;0.011112209381912779;0.01111112151758457;0.8999938445238532;0.011115834900620866;0.011111284045866292;0.01111119473625948;0.01111111140517004
2992701339;0.020002954364183884;0.02000000000313036;0.02000018384564926;0.4200124375611909;0.02000000000351874;0.02000163379298422;0.4199825140052865;0.020000274519608403;0.020000000002430254;0.020000001902017263
2079216982;0.033333333356076966;0.03333333334791523;0.033333333347594446;0.03333749404381259;0.03333333334971099;0.03333333334687538;0.03333333336143761;0.6999852773852853;0.033342850749866544;0.033334377711424834
280008498;0.03333396457373794;0.6999967413475053;0.03333333333575167;0.03333333333578213;0.03333596061777569;0.03333333344400077;0.033333333338120934;0.03333333333653803;0.03333333333526241;0.033333333335524865
2138084568;0.033333333342491465;0.6999959669235568;0.03333381256714203;0.03333385719706392;0.033336363267578294;0.03333333333878363;0.03333333334484376;0.03333333334090713;0.033333333337902976;0.033333333339730056
2134089889;0.014285714288153227;0.014285733485853937;0.014285714287235674;0.8714250506959587;0.014289184931415459;0.0142857451569473;0.014285714288727063;0.014285714291703439;0.01428571428694361;0.014285714287061496
2052470711;0.033333944288659344;0.699998653505676;0.03333333334200702;0.033333333335989736;0.033334068845398364;0.03333333333583815;0.03333333333852969;0.0333333333368118;0.033333333335432265;0.033333333335657654
1552637960;0.03333333333741172;0.03333333333594682;0.03333337719272118;0.0333333333359062;0.6999999561125676;0.033333333338686495;0.03333333333836936;0.033333333336704005;0.03333333333610142;0.033333333335585295
1520975706;0.033334229220004646;0.033334366488228226;0.03333394886560064;0.03333333333607354;0.033338029770299864;0.033333333335967046;0.03333333333869892;0.0333333333369237;0.03333333333549754;0.6999927589727059
2029501708;0.03333337467915492;0.0333333333417766;0.033333333336066674;0.0333333667533871;0.6999999252067431;0.03333333333593516;0.03333333333872963;0.033333333336946276;0.033333333335511244;0.033333333335749185
2037680164;0.033333333337655306;0.03333345700796561;0.03333346982978333;0.0333333333360604;0.6999997354207006;0.033333334800240866;0.03333333333867;0.03333333333690626;0.03333333625629587;0.03333333333572183
2554003102;0.0028576591604657876;0.17927011927846775;0.0028575557879475942;0.0028582168190268683;0.276231269212256;0.07126291843563581;0.1768112585732586;0.002858203062269808;0.002857346033814218;0.2821354536368575
1535824984;0.020001613673277862;0.0200024797664479;0.020000089058153543;0.020000811132499536;0.020000668657557445;0.42473031270274675;0.020004184320231457;0.020000000005356556;0.020000598143491043;0.41525924254023794
2165759622;0.009093091329686456;0.009090915763788582;0.009090954587891019;0.009091749027224441;0.1820303320508998;0.3994508928863496;0.3548778205458776;0.009091204497332216;0.009091726651037833;0.009091312659912478
2083656861;0.007692308073576612;0.007692389894886899;0.007692747567426689;0.007692827208741643;0.007693794046921613;0.6233668346350674;0.16154846886896781;0.16122778196906065;0.0076988107506187715;0.0076940369847319015
2885482448;0.01428571470139854;0.014286153911146182;0.014285897301953772;0.014285964977518672;0.014286115830659;0.4184955296524534;0.014285714914996256;0.4672091969310465;0.014293854777437786;0.014285857001389885
2098751129;0.009090915962446464;0.00909107798500647;0.009091098475549626;0.009091129610150595;0.009090909821330179;0.49397131926431237;0.009090989374871756;0.4332995431657282;0.009091582719475721;0.00909143362112883
2908616299;0.259820703856488;0.011111373709085635;0.011111153572995781;0.42906657862071573;0.011111111248238784;0.011111291958483165;0.2333342370934155;0.011111193465129418;0.011111120317708386;0.011111236157739474
2061269605;0.020000000927509743;0.020000029607050912;0.020000012500742067;0.020000108340865113;0.020000001980784506;0.020001149287677378;0.020000000019223866;0.44345227624777156;0.3965463689599477;0.02000005212842706
2748044808;0.020000000985945163;0.02000003181051601;0.020000012919717355;0.02000051130419583;0.42011061710570774;0.020000062131818278;0.0200008058599552;0.41988424116870826;0.020003012367565083;0.020000704345871076
2073392315;0.014285714987140895;0.014285760610063288;0.01428860939444109;0.014289318914673397;0.014285944202631143;0.5856285287285776;0.014285714292562639;0.30007376528882096;0.01429088952110865;0.01428575405998032
2113733134;0.005882440318623656;0.0058830243557093575;0.005882469982236043;0.12890329066185605;0.005882722842979899;0.005882375344568634;0.24117665181264047;0.35210381357490955;0.005883453422541951;0.24251975768393422
2045886527;0.033333333336104456;0.03333333333511186;0.03333344309156536;0.03333349777185341;0.03333333333533209;0.03333410778221431;0.6999988690763914;0.03333333333562501;0.03333340323215314;0.03333334570364887
2034699421;0.03333333333739753;0.03333341069676405;0.033333333497659025;0.033333409771592;0.6999998460138354;0.03333333333634433;0.033333333338352256;0.03333333333669309;0.03333333333578413;0.03333333333557821
2620437712;0.033333333335606535;0.03333346032918234;0.033333333335299434;0.033335155652576026;0.033333479415466466;0.6999975637584475;0.033333613858634974;0.03333338954057309;0.033333333351389854;0.03333333742282371
2120644935;0.014285714289666055;0.3302265536975208;0.014286612959284625;0.01428619484016587;0.26977192560955593;0.014286046000278833;0.2999996779246496;0.014285783413470393;0.014285744266298658;0.01428574699910926
167824421;0.01111129438998258;0.011111121583461323;0.01111116421670704;0.011111195787207206;0.23344521829747278;0.011111827528554186;0.6776643550447592;0.011111246166711199;0.011111124650999895;0.011111452334144565
1598991350;0.020000008087379447;0.02000035868429954;0.020000000017989482;0.020000864008763667;0.02000000000384824;0.8199933432924713;0.020000365646164493;0.02000221050821882;0.02000124324228998;0.020001606508574923
1978918931;0.020000000003127842;0.020000851119178657;0.020000546797522896;0.02000086804435012;0.02000001799599829;0.020000214968000706;0.8199973290920795;0.020000000002585686;0.020000000276570878;0.020000171700585562
2158642775;0.014285727794046353;0.014285714288714012;0.014285714376988138;0.014287473308184343;0.014285714289083587;0.30386806697407137;0.5818442845434244;0.014285875849146637;0.014285714288042742;0.01428571428829841
2234897819;0.020000003071611438;0.020000018859972664;0.02000000027797535;0.020001852914193756;0.4199985928863201;0.020001192528818237;0.4199976950242235;0.020000642240978972;0.020000000073135495;0.020000002122770352
125523640;0.011111359847438872;0.011111230001845648;0.011111307093926319;0.011113745074252078;0.011111112893768293;0.6759377120995471;0.011115431782247047;0.011111341320471459;0.011111303624463335;0.23516545626204005
2906273234;0.6999923194591767;0.0333382994647207;0.03333428312498299;0.03333447482740583;0.03333333333988084;0.03333334560018034;0.03333336716636826;0.03333391034104839;0.03333333333785767;0.033333333338378124
2755933416;0.0333385250041836;0.03333333333993247;0.033337804278237314;0.033333333339828054;0.03333511129335111;0.03333333334103662;0.03333407737415467;0.0333348523494317;0.6999818365977024;0.03333779308214211
1894144060;0.03333333333746929;0.03333343888221569;0.03333394340258542;0.03333444221270292;0.033333333336318695;0.03333334361643892;0.03333333333844325;0.033333334395121435;0.033333766606329904;0.6999977308723745
2155392932;0.033333333337751285;0.03333333333616557;0.03333333333609038;0.03333399106437323;0.03333652442143637;0.03333721109077052;0.699986960486045;0.033338615203490816;0.03333336438810134;0.03333333333577557
2944774397;0.033333333336104456;0.03333333333511186;0.03333344309156536;0.03333349777185341;0.03333333333533209;0.03333410778221431;0.6999988690763914;0.03333333333562501;0.03333340323215314;0.03333334570364887
2021801216;0.006667550626209351;0.15397255604610505;0.006667171598918039;0.006666950127596769;0.006666745180459015;0.006670015987361337;0.3791896838647615;0.006667321321377981;0.42016524756448903;0.006666757682722001
1971433396;0.033333333505825985;0.6999939287587782;0.033333977240305;0.03333467408022467;0.03333336268646491;0.03333333333696007;0.03333333333741543;0.033334040667387245;0.03333477397652334;0.033335242410114936
1977976754;0.03333336335118522;0.03333333333841179;0.03333333333827574;0.03333537614925565;0.03333333333903699;0.6999978466035182;0.03333333334311955;0.03333341386221423;0.03333333333727521;0.03333333333770748
2750910144;0.020000000443216925;0.02000008415867338;0.02000000569342053;0.020002531850576825;0.020000357378394364;0.020000097923502717;0.020000000002413337;0.8199968902262346;0.020000007102584816;0.020000025220982657
2093461697;0.01111111234155966;0.011111254906934502;0.011115356159829688;0.011112626028296218;0.011111111113907193;0.011111203617767879;0.011111426184165227;0.8999929087146423;0.011111688829621765;0.011111312103275593
2153083476;0.03333333333731373;0.03333333333588563;0.03333333333581707;0.033333333989301044;0.03333333333620782;0.6999999965783079;0.03333333333825278;0.03333333333662518;0.03333333333531467;0.033333336076974286
2903202688;0.033333333342539274;0.6999957697259388;0.03333333333907836;0.03333333333914606;0.033337380254625106;0.033333333338813935;0.03333333334469788;0.033333333340943246;0.033333516635800954;0.033333333338416406
2804931416;0.014285714300110866;0.014287026438860513;0.014286053650226511;0.014288091389158543;0.3356396040853447;0.27694469089386076;0.014285714292411336;0.014285754276322067;0.014285742186421728;0.28741160848728287
2011673120;0.020000000312738464;0.02000001891008995;0.020000000001847477;0.42465729996452733;0.4153414142344954;0.020001020490816812;0.02000000000365808;0.02000024388024502;0.020000000073212357;0.020000002128369266
2165710719;0.0333333379349284;0.03333333333511712;0.03333333379497659;0.033336250112416636;0.03333333333533692;0.033333626377303256;0.6999961203518504;0.03333399808848196;0.03333333333471829;0.03333333333487054
2412364285;0.39868091341236006;0.007692804853876209;0.00769234974705252;0.007692502023496294;0.007694736385349572;0.539771401779698;0.007694422184207016;0.007692973740059466;0.007695269788059075;0.007692626085841936
2290587752;0.03333333333671782;0.03333333333550089;0.03333333333544454;0.03333353604356407;0.03333342621853741;0.03333348912313971;0.03333333333751038;0.6999993151192238;0.033333336106298316;0.03333356404406304
2144264688;0.033333333505825985;0.6999939287587782;0.033333977240305;0.03333467408022467;0.03333336268646491;0.03333333333696007;0.03333333333741543;0.033334040667387245;0.03333477397652334;0.033335242410114936
1977427206;0.03333337467915492;0.0333333333417766;0.033333333336066674;0.0333333667533871;0.6999999252067431;0.03333333333593516;0.03333333333872963;0.033333333336946276;0.033333333335511244;0.033333333335749185
2069821929;0.03333451468717411;0.03333333333729011;0.03333458903095966;0.6999792452093606;0.03333352691101168;0.0333333907814031;0.03334246992041074;0.033335317560486105;0.033338633639982955;0.033334978921920874
2106800789;0.03333333333702783;0.03333351381690411;0.033333443131598174;0.033333333335664364;0.03333333333599528;0.033334861063748666;0.6999963871851353;0.03333333333638626;0.03333489394618078;0.03333356751135913
2027413443;0.0333352396324458;0.033333675750130215;0.03333336237657689;0.033342606815187505;0.03333342263645874;0.03333339220585054;0.699986588410866;0.03333359261765439;0.03333450177166806;0.033333617783161955
2023664266;0.03334553882188468;0.03333948306641976;0.03333337036624051;0.033333359234908974;0.03333554014945285;0.03333405783137251;0.0333333333410198;0.6999771508529997;0.033333491145796604;0.033334675189904496
2083106053;0.011111128598793828;0.6777776307126827;0.011111111113708171;0.011113271707870142;0.01111129503524518;0.011111380259424507;0.011111111116422134;0.23333084591168854;0.011111111119576994;0.011111114424588071
2097455556;0.033333333339359714;0.0333333333371946;0.03333333333709175;0.03333333333713631;0.6999999999602051;0.03333333333691904;0.033333333340788626;0.033333333338314015;0.03333333333633099;0.03333333333665988
2605976408;0.03333341823349406;0.0333333354582489;0.03333720728449828;0.03333333334049808;0.03333333334151127;0.6999909276302282;0.03333333334734745;0.033333333342721;0.033333333338985686;0.03333844468246701
1570837852;0.03333333334359555;0.033333333337833136;0.03333333333771083;0.6999899988509707;0.03333333333842833;0.03333337410765143;0.03333401832643307;0.03334260868334444;0.033333333336824915;0.03333333333720751
2519512245;0.03333333334802299;0.03333802084581128;0.03333349445158905;0.03333630459910362;0.033342330825453015;0.03333333334948599;0.033333333352173866;0.033333333345467425;0.6999831692804874;0.03333334660240532
2518177306;0.020000367943379817;0.81999915181393;0.02000000000468543;0.020000000001435;0.02000048022814111;0.020000000001353116;0.02000000000280704;0.02000000000187906;0.02000000000113386;0.020000000001255614
2140893230;0.02000000000593161;0.020000284169057348;0.020000066702476386;0.020005349950611668;0.020000000004274578;0.44626936497803;0.39372488418153245;0.020000000004902277;0.020000042482402263;0.020000007520781363
1608836909;0.03333333333702783;0.03333351381690411;0.033333443131598174;0.033333333335664364;0.03333333333599528;0.033334861063748666;0.6999963871851353;0.03333333333638626;0.03333489394618078;0.03333356751135913
2128607648;0.033333333337655306;0.03333345700796561;0.03333346982978333;0.0333333333360604;0.6999997354207006;0.033333334800240866;0.03333333333867;0.03333333333690626;0.03333333625629587;0.03333333333572183
2284870806;0.005882464628560637;0.7828879700759657;0.0058832701476154445;0.0058832263862376565;0.0058823529435657685;0.0058823924778783196;0.005882550805197857;0.005882575153296308;0.005882725348065744;0.17005047203361667
2899937075;0.033333944288659344;0.699998653505676;0.03333333334200702;0.033333333335989736;0.033334068845398364;0.03333333333583815;0.03333333333852969;0.0333333333368118;0.033333333335432265;0.033333333335657654
2013243283;0.033334229220004646;0.033334366488228226;0.03333394886560064;0.03333333333607354;0.033338029770299864;0.033333333335967046;0.03333333333869892;0.0333333333369237;0.03333333333549754;0.6999927589727059
1998262323;0.0200004837349307;0.020000557850993528;0.020000332359794697;0.02000000000147967;0.020002732077803086;0.020000000001422172;0.020000000002897287;0.020000000001938727;0.020000000001168656;0.8199958939675716
2002535912;0.005263366178986572;0.005263397514472584;0.25299125899998515;0.005264335721963468;0.005263367615754148;0.5386987031493525;0.17146280721597687;0.005263328520197867;0.005265199277838347;0.0052642358054723285
2039323312;0.03333490490127511;0.033334205436823784;0.03333333333745125;0.033333333342478906;0.03333335172189573;0.6999923972087193;0.03333568137644791;0.033335722282864945;0.03333359178837442;0.033333478603668705
2788532900;0.033333944288659344;0.699998653505676;0.03333333334200702;0.033333333335989736;0.033334068845398364;0.03333333333583815;0.03333333333852969;0.0333333333368118;0.033333333335432265;0.033333333335657654
2063793405;0.02000000000865054;0.02000152959647268;0.020000217461808238;0.020002962974811543;0.020004415776132607;0.8199785250725695;0.020000000010680093;0.020000483861982117;0.020010013875550747;0.020001851361342162
2043648826;0.03333396457373794;0.6999967413475053;0.03333333333575167;0.03333333333578213;0.03333596061777569;0.03333333344400077;0.033333333338120934;0.03333333333653803;0.03333333333526241;0.033333333335524865
1530240242;0.004761946559616326;0.26695691727957116;0.004762033885683567;0.004763532729236157;0.0047624720985548555;0.10649250221821427;0.004762033312494143;0.004761915369900977;0.1935202669533254;0.40445637959340314
2355596582;0.014294067186880597;0.014290470784256047;0.014285817286371918;0.014286749717286126;0.8713988685788941;0.014287362768788852;0.014285714294558912;0.014294372060591629;0.014289241641798225;0.014287335680573547
2006841650;0.6999894357621133;0.03333667618404118;0.0333333562733776;0.033333336556918364;0.03333460754386265;0.03333333333884219;0.033338253278212666;0.03333333334084583;0.03333433438340719;0.033333333338378845
1966159232;0.014285909321897262;0.014286155577668842;0.014285752757731179;0.014287306341234459;0.014285920920775689;0.8714254465499379;0.014286004831374776;0.01428602204574697;0.014285746380133052;0.014285735273499712
2789755032;0.0333391396587175;0.03333353938083348;0.03333333333569692;0.03333333333583894;0.6999917957080775;0.03333348073579015;0.03333333333801198;0.033334560378734834;0.03333333333521748;0.033334150793081205
1974129836;0.033333333339359714;0.0333333333371946;0.03333333333709175;0.03333333333713631;0.6999999999602051;0.03333333333691904;0.033333333340788626;0.033333333338314015;0.03333333333633099;0.03333333333665988
2137486813;0.014285714296435102;0.30523768022635556;0.014286938121529648;0.014288978976214823;0.014285989735507305;0.580450694020179;0.014292968871620631;0.0142862218285226;0.014292682174392049;0.014292131749243315
2151443310;0.014285714289125222;0.8714260568172131;0.014285726537540767;0.01428577407082464;0.0142863372055074;0.014285719198400982;0.014285714289925602;0.014285714288534535;0.014287417386430405;0.014285825916497304
2118347226;0.03333396457373794;0.6999967413475053;0.03333333333575167;0.03333333333578213;0.03333596061777569;0.03333333344400077;0.033333333338120934;0.03333333333653803;0.03333333333526241;0.033333333335524865
1839620263;0.033333333339359714;0.0333333333371946;0.03333333333709175;0.03333333333713631;0.6999999999602051;0.03333333333691904;0.033333333340788626;0.033333333338314015;0.03333333333633099;0.03333333333665988
